   20   73   77   20   20   70   70   74   70   71   73   20   77   20   75   20
   20   21   71   71   77   74   75   73   21   72   76   74   74   21   71   21
   20   74   20   20   20   20   20   20   20   21   20   20   20   21   20   21
   21   21   20   20   20   20   20   20   20   21   20   20   72   74   20   74
   52   20   70   74   71   71   77   70   77   72   72   74   71   20   20   75
   21   74   20   74   21   20   20   20   21   21   21   20   21   20   20   21
   21   74   71   21   20   75   21   48   73   71   72   76   74   71   73   76
   75   71   42   72   70   73   71   75   71   20   74   20   21   20   70   20
   21   20   20   20   21   20   76   20   20   77   20   21   72   76   20   20
   71   77   74   75   21   75   72   76   74   20   20   47   77   73   21   70
   20   20   77   76   21   21   20   21   71   21   20   20   77   20   20   20
   21   20   21   73   20   71   20   21   70   70   72   74   20   21   73   70
   70   71   71   77   70   48   21   70   70   73   20   21   72   21   21   20
   70   73   21   74   76   70   20   20   21   20   21   20   20   20   74   70
   71   20   70   21   21   21   20   71   20   20   21   75   21   20   20   21
   21   21   20   21   21   20   20   21   21   75   21   75   21   21   76   21
   21   20   73   20   71   21   21   21   20   74   20   20   73   72   74   70
   70   20   21   20   74   20   77   70   70   72   20   20   21   70   21   20
   20   73   20   20   21   21   20   77   21   76   72   73   21   75   76   76
   20   21   21   21   21   20   21   71   77   76   74   20   74   20   20   20
   20   21   21   20   21   20   20   75   21   70   74   72   20   70   71   72
   72   73   21   75   72   76   70   21   20   21   73   20   74   20   73   77
   21   20   73   20   20   21   20   20   21   21   20   72   20   20   71   20
   70   20   71   72   77   20   70   48   20   20   20   21   20   20   20   21
   74   70   76   50   74   75   21   20   76   21   20   75   75   70   71   73
   72   75   71   20   73   73   20   75   75   74   71   76   74   71   73   72
   74   71   21   20   20   20   21   20   20   20   20   21   21   20   21   20
   20   21   20   21   21   20   20   20   20   20   75   40   20   21   20   74
   70   21   74   73   75   20   76   72   73   73   71   74   71   21   74   21
   21   76   20   75   21   76   74   73   20   21   20   20   20   21   20   20
   20   20   20   20   20   21   70   21   76   21   40   48   70   71   72   74
   20   74   70   71   73   72