3514376351437635143763514376351437635143763514376351437635143763514376351437635143763514376351437635143763514376
3514376351437635143763514376351437635143763514376351437635143763514376351437635143763514376351437635143763514376
3514376351437635143763514376351437635143763514376351437635143763514376351437635143763514376351437635143763514376
3514376351437635143763514376351437635143763514376351437635143763514376351437635143763514376351437635143763514376
3514376351437635143763514376351437635143763514376351437635143763514376351437635143763514376351437635143763514376
3514376351437635143763514376351437635143763514376351437635143763514376351437635143763514376351437635143763514376
3514376351437635143763514376351437635143763514376351437635143763514376351437635143763514376351437635143763514376
3514376351437635143763514376351437635143763514376351437635143763514376351437635143763514376351437635143763514376
3514376351437635143763514376351437635143763514376351437635143763514376351437635143763514376351437635143763514376
3514376351437635143763514376351437635143763514376351437635143763514376351437635143763514376351437635143763514376
3514376351437635143763514376351437635143763514376351437635143763514376351437635143763514376351437635143763514376
3514376351437635143763514376351437635143763514376351437635143763514376351437635143763514376351437635143763514376
3514376351437635143763514376351437635143763514376351437635143763514376351437635143763514376351437635143763514376
3514376351437635143763514376351437635143763514376351437635143763514376351437635143763514376351437635143763514376
3514376351437635143763514376351437635143763514376351437635143763514376351437635143763514376351437635143763514376
3514376351437635143763514376351437635143763514376351437635143763514376351437635143763514376351437635143763514376
3514376351437635143763514376351437635143763514376351437635143763514376351437635143763514376351437635143763514376
3514376351437635143763514376351437635143763514376351437635143763514376351437635143763514376351437635143763514376
3514376351437635143763514376351437635143763514376351437635143763514376351437635143763514376351437635143763514376
3514376351437635143763514376351437635143763514376351437635143763514376351437635143763514376351437635143763514376
3514376351437635143763514376351437635143763514376351437635143763514376351437635143763514376351437635143763514376
3514376351437635143763514376351437635143763514376351437635143763514376351437635143763514376351437635143763514376
3514376351437635143763514376351437635143763514376351437635143763514376351437635143763514376351437635143763514376
3514376351437635143763514376351437635143763514376351437635143763514376351437635143763514376351437635143763514376
3514376351437635143763514376351437635143763514376351437635143763514376351437635143763514376351437635143763514376
3514376351437635143763514376351437635143763514376351437635143763514376351437635143763514376351437635143763514376
3514376351437635143763514376351437635143763514376351437635143763514376351437635143763514376351437635143763514376
3514376351437635143763514376351437635143763514376351437635143763514376351437635143763514376351437635143763514376
3514376351437635143763514376351437635143763514376351437635143763514376351437635143763514376351437635143763514376
3514376351437635143763514376351437635143763514376351437635143763514376351437635143763514376351437635143763514376
3514376351437635143763514376351437635143763514376351437635143763514376351437635143763514376351437635143763514376
3514376351437635143763514376351437635143763514376351437635143763514376351437635143763514376351437635143763514376
3514376351437635143763514376351437635143763514376351437635143763514376351437635143763514376351437635143763514376
3514376351437635143763514376351437635143763514376351437635143763514376351437635143763514376351437635143763514376
3514376351437635143763514376351437635143763514376351437635143763514376351437635143763514376351437635143763514376
3514376351437635143763514376351437635143763514376351437635143763514376351437635143763514376351437635143763514376
3514376351437635143763514376351437635143763514376351437635143763514376351437635143763514376351437635143763514376
3514376351437635143763514376351437635143763514376351437635143763514376351437635143763514376351437635143763514376
3514376351437635143763514376351437635143763514376351437635143763514376351437635143763514376351437635143763514376
3514376351437635143763514376351437635143763514376351437635143763514376351437635143763514376351437635143763514376
351437635143763514376351437635143763514376