   20   70   77   71   20   70   74   70   73   74   74   71   21   71   21   71
   20   72   21   71   75   76   70   73   73   76   75   71   75   71   70   21
   20   21   20   20   20   20   20   20   20   21   20   21   21   21   20   21
   21   21   21   21   20   21   21   21   20   20   21   20   20   21   21   20
   21   74   21   77   21   70   72   75   73   77   71   21   21   77   20   73
   20   21   20   21   21   21   20   75   21   20   21   20   20   21   21   21
   21   20   55   76   72   71   73   73   71   75   75   44   21   74   77   77
   70   41   21   21   20   20   21   21   20   20   21   76   21   21   73   20
   20   76   21   21   71   76   72   20   21   73   70   21   74   21   76   20
   74   72   77   20   76   73   72   75   76   21   70   75   73   20   72   20
   20   75   20   20   21   20   21   71   21   20   20   21   21   21   70   20
   20   42   20   20   20   74   70   20   20   74   70   70   72   20   75   74
   73   70   70   21   20   20   21   21   21   75   20   75   73   70   71   21
   20   20   20   20   20   75   20   76   74   20   21   20   21   21   21   75
   21   20   20   20   21   21   76   20   21   20   21   20   21   21   41   53
   21   20   21   20   72   73   21   77   76   20   20   21   73   73   74   70
   75   20   20   75   71   21   74   21   21   20   21   20   72   21   20   20
   20   20   71   71   70   21   72   76   20   20   20   50   21   21   75   71
   77   76   74   21   20   20   21   21   20   21   20   20   21   20   73   77
   74   21   20   21   20   21   20   21   21   21   20   20   71   21   21   75
   70   76   70   75   21   21   72   20   21   76   20   21   77   20   73   76
   21   20   21   21   20   21   74   20   21   20   20   20   76   21   72   70
   20   72   70   70   41   20   20   74   20   20   70   20   20   21   20   70
   70   71   70   20   72   72   21   21   70   74   72   70   70   74   20   70
   20   74   20   20   20   70   72   70   70   71   76   20   76   71   75   74
   21   74   21   21   72   20   21   20   20   21   21   21   20   20   20   21
   21   21   20   21   20   21   20   21   21   21   20   21   20   20   21   74
   70   20   72   49   21   74   72   77   75   71   76   76   72   75   73   74
   20   21   73   21   74   20   73   21   21   21   21   20   21   21   20   20
   21   21   21   20   73   74   20   20   72   21   44   73   72   76   75   74
   72   70   77   72   74   50   72   71   73   75   75   71   20   74   21   21
   20   74   21   21   20   21   20   20   20   73   20   21   72   20   21   76
   74   21   21   76   76   72   73   20   76   75   70   71   21   20   40   75
   70   20   74   20   21   74   74   21   21   20   21   77   20   21   21   74
   20   21   20   21   21   20   75   20   76   20   21   71   76   70   75   21
   21   74   73   72   71   74   75   76   46   21   72   76   72   20   21   72
   20   20   20   77   72   20   72   72   70   20   21   20   21   20   20   21
   21   70   72   77   21   76   20   20   21   21   75   21   20   20   73   20
   21   21   20   21   20   20   21   20   21   21   20   21   73   20   73   21
   20   75   21   21   20   72   20   77   20   21   20   20   74   21   20   74
   76   75   74   76   20   21   21   73   21   71   77   76   74   21   21   20
   72   21   20   20   74   21   20   21   20   21   75   21   72   71   73   20
   70   72   70   20   20   20   21   20   20   20   70   72   70   70   21   74
   20   21   21   20   20   20   20   20   21   20   71   20   70   71   77   20
   74   73   73   73   75   21   74   76   77   75   20   20   21   74   20   73
   21   77   74   21   21   73   21   21   20   20   21   20   21   21   75   20
   21   75   20   76   21   75   77   76   20   75   52   20   21   21   20   21
   20   20   21   76   72   72   49   77   77   20   20   72   20   76   74   21
   74   76   77   71   74   77   21   70   21   21   20   71   21   21   71   74
   74   75   21   20   44   75   21   71   71   21   74   74   21   75   21   20
   20   20   21   20   21   21   21   20   20   20   21   20   20   20   21   20
   21   20   20   21   20   21   21   20   20   71   21   43   20   70   71   70
   74   40   70   71   70   74   20   20   21   20   21   20   20   77   20   20
   20   20   20   20   20   21   20   20   21   21   21   75   20   75   21   71
   20   42   71   70   75   74   71   74   76   73   73   76   53   52   20   76
   72   72   21   75   21   21   20   20   21   21   20   21   72   21   21   21
   20   20   21   20   20   77   20   21   70   76   70   21   20   21   73   71
   75   75   21   21   21   76   20   76   75   75   20   72   71   20   76   21
   20   21   20   20   20   70   71   20   20   70   21   40   20   20   72   70
   70   21   20   70   20   74   20   20   70   74   70   70   20   21   70   70
   72   70   20   74   70   70   20   71   70   74   70   70   20   21   70   70
   20   21   70   20   70   21   70   70   20   21   70   70   72   40   74   70
   20   20   20   20   21   20   70   20   20   20   21   20   20   20   20   20
   20   72   20   20   20   70   71   20   20   20   74   70   20   20   74   20
   20   70   20   72   20   21   20   20   21   20   70