   20   20   20   20   21   21   21   21   70   70   74   20   20   76   20   20
   72   76   20   20   73   20   21   21   20   20   20   20   21   20   73   20
   75   76   70   21   21   76   74   21   75   71   75   21   20   20   20   20
   72   21   20   70   20   74   76   75   77   21   76   21   74   20   76   72
   20   21   21   21   21   73   20   20   20   75   20   77   76   73   76   21
   21   75   21   74   76   75   76   20   21   74   21   73   77   75   21   20
   21   72   76   20   73   21   20   20   75   21   72   72   21   20   20   77
   21   77   70   21   20   52   20   20   73   20   75   77   21   21   70   20
   77   73   20   20   73   71   21   73   70   21   20   76   20   21   71   72
   75   73   20   21   77   74   20   75   20   77   70   21   20   77   70   21
   70   75   74   76   20   20   71   77   20   70   74   70   20   20   74   70
   20   70   71   70   74   20   20   75   74   21   71   70   74   74   21   51
   20   21   20   21   21   21   70   72   72   70   72   71   21   71   21   72
   77   53   20   74   21   20   21   75   20   21   20   77   70   21   20   21
   73   21   74   20   21   21   20   21   77   76   74   73   21   21   70   71
   20   75   44   21   71   21   20   76   21   72   72   71   20   72   20   21
   70   20   72   21   20   20   73   20   74   76   21   75   71   77   20   21
   71   73   20   73   71   75   75   21   21   20   20   21   75   72   21   73
   72   20   21   21   21   72   20   20   46   74   76   21   20   21   20   20
   75   21   54   21   20   73   76   21   76   72   72   71   74   73   71   70
   72   70   70   71   70   74   70   70   72   70   70   21   20   70   20   44
   72   73   20   70   75   70   40   74   20   40   74   70   70   72   20   70
   74   70   21   71   77   74   72   76   74   73   71   21   74   73   74   21
   75   72   77   72   72   72   70   72   71   21   21   74   72   77   21   76
   70   21   21   20   73   21   72   77   70   75   21   75   74   76   76   73
   21   21   74   21   75   21   20   20   20   41   75   74   76   74   74   73
   71   75   70   76   21   72   74   50   72   71   73   75   75   71   20   74
   73   74   73   21   70   73   72   71   75   71   77   76   76   72   73   74
   73   71   20   71   71   70   75   70   20   74   20   21   20   72   76   21
   76   73   73   20   75   76   72   71   73   21   71   20   73   44   47   76
   49   72   70   21   21   72   51   75   72   20   21   21   20   21   44   71
   74   73   21   48   74   70   20   20   75   74   71   74   20   77   21   46
   54   76   52   74   75   74   76   76   71   73   75   76   71   71   77   72
   70   73   74   76   75   74   20   21   21   76   73   73   20   77   76   74
   21   21   74   72   70   73   21   20   73   73   75   74   21   70   20   74
   20   20   20   70   20   21   70   20   70   71   70   20   72   20   21   20
   21   71   20   20   20   21   20   21   70   20   74   20   76   71   20   21
   73   73   73   21   20   21   71   75   21   21   21   73   71   71   75   75
   77   74   77   75   71   75   73   75   75   74   77   76   73   73   75   74
   75   75   74   76   72   50   74   77   21   73   74   70   73   76   74   76
   77   71   74   77   21   70   73   71   21   73   20   74   20   20   21   75
   21   48   72   77   20   72   72   72   20   21   73   73   20   72   77   70
   71   20   75   20   20   75   21   74   74   73   20   20   70   71   70   20
   72   70   20   74   70   20   70   71   45   20   21   43   70   74   74   21
   51   72   77   70   72   20   21   70   74   20   21   20   20   21   71   20
   20   21   76   73   73   76   53   74   71   73   21   74   76   20   77   20
   20   21   75   20   53   71   71   77   72   20   20   20   21   71   72   47
   49   76   76   73   73   76   75   21   72   72   71   74   73   71   70   20
   71   70   74   70   70   20   71   20   20   70   71   20   70   20   71   70
   74   70   70   72   40   74   20   20   40   72   70   70   71   20   20   70
   71   70   20   20   71   20   70   72   70   70   71   70   74   70   70   42
   20   70   72   70   20   20   72   70   20   74   20   70   70   71   20   20
   70   21   70   70   20   71   70   20   72   20   70   20   20   71